
0
1
2
3
4
5
7
8
9
10
11
12
14
15
16
17
18
20
21
22
23
24
24К
27
28
29
29К
30
31
32
33
34
34К
35
36
37
38
39
40
41
42
43
45
46
48
49
50
51
52
53
54
55
57
58
59
60
61
62
64
65
65К
66
67
68
69
70
71
72
74
75
75К
76
77
78
79
82
84
85
86
87
88К
90
92
93
94
95
96
97
98
101
102
103
104
105
105К
106
107
108
109
110
111
112Э
113
114
116
117
118
120
121
122
123
124
126
127
129
130
131
133
134
135
136
137
142
143
144
144К
146
147
148
149
150
151
151К
152
153
154
155
156
157
157К
158
159
160
161
162
163
164
165
166
167
168
169
170
171
173
174
175
176
177
179
180
181
182
183
184
185
186
187
189
192
193
194
196
197
198
199
200
202
203
204
205
205К
207
208
209
210
211
212
213
214
215К
216
217
218
218К
219
220
221
222
223
224
226
227
228
229
230
231
232
233
234
235
237
238
239
240
241
242
245
246
247
248
249
251
251К
252
253
254
255
256
257
257К
258
260
261
262
263
264
267
268
268К
269
269К
271
272
272К
273
274
275
276
278
279
280
281
283
284
285
286
287
288
289
291
292
293
295
296
297
298
299
303
304
304К
313
321
323
349
363
382
384
393
398
399
400
400К
400Т
400Э
403
408
419
420
433
444
460
462
503
507
508
510
512
513
514
515
518
520
526
531
533
565
569
570
577
600
603
604
605
607
608
609
610
611
612
613
614
615
616
620
621
622
623
624
625
626
627
627К
628
629
630
631
632
633
634
635
636
637
638
639
640
642
642К
643
645
646
647
648
649
651
652
653
654
655
655К
656
657
659
661
662
663
664
665
668
669
670
670К
671
672
674
674К
675
677
677К
678
679
680
681
682
683
684
685
686
687
688
689
690
692
693
694
695
696
697
698
699
700
701
703
705
706
707
708
709
710
711
712
713
715
716
717
718
719
721
722
723
724
724К
725
726
728
729
730
731
732
733
734
735
736
737
738
740
741
742
743
747
748
749
750
751
752
753
754
756
757
758
758К
759
760
761
762
763
763К
764
765
766
767
768
769
770
772
773
774
775
776
777
778
779
780
781
782
784
785
786
788
789
790
791
792
793
794
795
796
797
798
799
800
801
802
803
804
805
806
807
808
811
812
813
815К
816
817
818
819
820
821
822
825
826
828
829
830
831
832
833
834
835
836
837
838
839
840
841
842
843
846
847
848
849
850
851
855
857
858
859
860
861
862
863
864
865
866
867
868
869
870
871
872
873
874
874К
875
876
878
879
880
881
882
883
884
885
886
887
889
890
890К
891
892
893
895
895К
896
898
898К
899
901
902
903
904
904К
905
906
907
908
909
911
928
930
950
958
959
964
976
982
983
991
1001
1002
1004
1133
1147
SK
route
stations
streets
А
Б
БК
ВК
ВЧ
Д
З-1
З-2
З-3
З-4
З-5
З-8
З-9
З-10
З-11
З-12
З-14
З-15
З-16
З-17
З-19
З-20
З-21
З-22
З-23
З-24
З-25
З-27
З-28
З-29
З-31
З-32
З-32К
К
М1
М2
М3
М5
М6
М7
М8
М9
М10
М27
М67
М68
М89
МЦ1
Н1
Н2
Н3
Н4
Н5
Н6
Н7
Н8
Н9
Н11
О2
О15
О28
О30
О32
О34
О35
П
С1
С2
С3
С4
С5
С6
С8
С9
С10
С11
С12
С19
С23
С43
СТ1
СТ2
Т
Т3
Т7
Т10
Т11
Т13
Т14
Т17
Т18
Т19
Т25
Т26
Т29
Т32
Т34
Т34К
Т36
Т38
Т39
Т41
Т42
Т47
Т50
Т51
Т55
Т56
Т63
Т67
Т71
Т73
Т76
Т78
Т79
Т80
Т83
Т86
Т88
Ш1
